889
797 349
107 224
12 67
282 416
4 148
190 23
2 173
194 126
626 103
137 383
609 712
114 252
362 121
62 15
674 577
238 533
782 540
670 390
858 455
81 176
517 291
46 391
649 495
4 32
292 262
45 608
791 322
623 727
550 668
415 391
644 628
196 446
588 279
233 675
106 786
677 689
513 485
795 776
371 741
810 113
475 855
283 152
248 116
577 352
257 817
64 216
112 116
550 194
863 501
105 6
879 340
204 101
119 309
631 581
122 347
721 474
874 210
23 63
593 848
31 50
765 436
426 699
74 142
501 162
419 423
14 295
381 349
158 124
139 199
652 492
459 204
30 445
382 364
595 121
303 285
831 559
502 51
166 506
2 1
7 92
293 134
314 181
140 766
888 633
442 678
838 539
6 26
806 38
193 118
226 31
819 546
44 9
353 90
421 640
702 833
124 349
5 27
719 298
278 43
516 28
368 233
179 313
47 48
413 847
456 598
643 648
706 829
852 309
335 297
14 86
700 779
665 544
167 15
110 225
647 136
85 834
568 868
764 106
172 103
514 400
374 656
733 267
147 111
30 21
487 180
42 46
37 32
439 18
471 27
263 778
77 614
527 166
356 348
9 243
878 245
162 729
617 508
198 277
222 337
143 33
125 109
319 482
59 101
738 280
622 252
231 171
269 465
45 23
43 285
683 889
367 132
705 259
10 3
369 274
685 414
793 203
784 497
210 846
338 869
725 344
382 523
28 222
724 434
214 13
352 534
137 304
86 438
566 363
29 861
15 52
494 225
89 57
21 70
401 114
138 378
359 351
231 256
386 120
486 130
111 19
639 491
40 53
500 728
220 27
117 170
519 657
803 165
372 576
245 134
83 80
410 472
113 507
366 419
700 583
428 349
577 757
40 94
43 215
687 161
503 243
845 771
250 265
121 8
56 53
122 451
322 659
213 37
306 697
12 346
31 98
272 99
52 812
120 135
860 97
621 828
849 335
81 67
774 629
202 326
24 78
625 305
234 498
231 307
765 870
311 141
537 837
261 214
169 69
308 783
102 99
76 536
155 195
364 263
117 73
351 842
543 3
297 32
2 7
45 72
493 673
557 582
815 665
518 210
287 103
24 85
17 8
289 283
439 853
56 128
160 3
166 707
545 502
525 553
483 18
398 872
630 338
107 144
349 365
646 283
76 366
442 761
522 202
322 131
12 5
722 303
571 440
682 28
18 10
380 132
832 232
609 295
54 22
710 645
14 154
510 36
60 84
567 170
824 638
90 81
151 175
231 320
206 42
65 258
431 688
294 481
177 235
679 245
642 42
274 751
5 43
221 604
548 17
369 716
64 242
723 509
259 461
500 413
553 692
163 180
324 37
762 734
497 866
62 686
370 421
263 100
509 52
5 463
587 26
72 126
41 497
15 7
144 171
546 816
233 116
453 149
611 769
789 37
813 417
157 260
690 18
284 730
189 113
432 324
80 221
508 605
569 415
62 755
19 1
72 268
124 28
759 337
535 217
208 60
864 402
442 291
198 512
804 254
300 236
53 159
23 149
87 375
310 830
115 181
104 134
814 65
139 50
524 19
19 137
854 371
388 293
217 165
409 67
197 537
206 515
183 264
599 364
702 807
34 7
300 613
343 654
133 271
196 89
89 351
25 71
176 192
338 801
797 821
51 16
565 754
579 95
249 97
99 408
414 61
467 209
86 253
519 314
209 435
375 390
469 136
43 166
826 127
135 672
695 55
578 314
155 790
430 187
202 490
312 884
457 436
556 480
251 554
286 247
485 228
811 238
377 335
212 119
350 865
84 109
146 561
230 394
525 237
562 77
760 746
57 7
44 284
600 49
421 800
74 17
9 11
102 602
777 46
474 669
766 850
307 470
5 2
698 91
572 61
574 346
146 165
33 31
785 514
105 334
423 594
492 87
612 532
225 544
176 239
876 660
198 176
357 585
393 616
717 218
417 742
628 545
47 466
162 62
668 875
313 708
60 22
229 294
750 306
319 307
475 65
43 80
319 412
301 528
618 589
35 703
105 713
73 34
385 195
615 298
358 6
493 415
53 590
311 511
458 117
36 827
293 661
473 86
58 24
438 714
31 496
264 413
551 279
711 692
55 392
123 31
447 260
309 411
12 219
611 77
108 105
444 42
9 302
79 63
343 253
211 240
575 286
85 88
64 43
681 60
10 55
179 78
171 653
882 592
433 176
178 580
22 887
246 157
862 61
54 770
340 173
70 491
636 78
110 43
152 452
388 398
157 123
707 808
296 384
409 596
546 490
583 425
15 489
279 740
389 589
570 543
39 6
825 623
400 283
737 398
174 373
1 696
10 20
859 636
3 8
53 96
190 794
374 405
526 346
241 43
153 440
552 73
59 49
3 1
34 637
731 450
317 568
413 822
394 843
508 123
420 693
161 56
32 49
34 456
12 13
19 352
434 15
193 436
775 94
112 763
606 320
835 310
694 448
254 68
580 767
88 91
406 263
31 36
581 748
58 87
422 343
414 429
341 592
132 397
720 54
25 17
627 108
238 198
11 16
479 680
796 589
747 542
178 202
15 182
342 111
389 633
764 773
584 472
761 768
47 197
14 1
877 7
294 420
57 632
323 37
63 207
127 299
56 113
220 660
301 106
368 634
476 200
371 361
684 412
113 183
776 624
655 382
237 49
805 466
216 290
629 367
76 671
572 650
47 107
291 20
391 607
133 100
6 4
549 495
279 223
203 119
403 122
140 122
157 228
539 213
407 267
21 82
492 603
269 98
280 137
418 381
158 641
370 115
351 448
94 426
93 266
520 706
745 132
399 247
122 86
488 318
383 645
201 187
28 11
883 243
229 52
26 734
12 330
4 24
437 139
200 108
12 42
504 58
744 312
72 332
638 387
58 99
120 331
355 256
449 442
547 2
28 68
348 154
676 256
146 209
281 196
404 317
77 30
193 735
22 298
341 214
262 559
35 305
115 84
393 361
382 664
100 55
106 99
43 431
885 242
141 55
177 62
619 371
103 91
361 538
396 288
9 8
563 179
273 704
455 91
21 29
270 274
802 626
191 157
557 771
159 417
2 857
739 284
715 315
140 184
21 16
145 46
344 32
540 663
867 865
172 178
799 52
336 387
257 361
236 270
441 151
683 513
93 66
372 91
353 474
120 63
339 190
7 65
677 35
149 564
174 24
420 701
232 7
64 66
5 31
333 121
318 376
161 597
296 295
479 280
43 250
75 25
391 480
529 788
477 43
839 230
437 666
325 16
184 691
601 586
390 844
43 499
54 581
300 336
273 228
129 107
662 395
483 520
213 306
22 97
203 886
251 194
54 112
328 189
153 104
72 138
267 110
501 573
529 202
746 823
32 247
524 591
709 450
596 658
211 94
182 624
19 542
73 163
227 203
329 122
880 414
541 736
186 59
248 881
187 54
315 37
151 130
635 511
464 233
212 223
146 310
131 51
80 718
38 275
117 560
139 540
241 753
61 18
317 17
114 244
16 119
540 593
63 781
37 127
44 47
14 746
197 316
801 873
250 327
25 164
530 523
4 2
269 443
32 836
106 257
478 88
557 496
350 51
541 667
149 357
210 142
223 402
255 103
216 427
788 809
16 531
145 230
468 298
69 34
236 521
148 820
152 104
166 610
154 818
351 749
532 772
