847
549 749
15 319
14 149
376 61
130 134
78 92
9 344
133 82
750 522
260 90
7 163
65 12
310 290
768 248
321 160
122 808
398 76
20 26
764 798
421 296
14 233
44 474
302 488
515 488
232 211
723 149
549 136
353 829
92 194
201 594
291 152
33 285
736 525
701 30
212 671
392 95
489 670
437 512
105 247
601 771
265 377
548 178
311 788
12 128
396 218
45 2
206 538
378 481
211 467
108 390
353 361
644 365
120 262
11 9
40 11
493 499
402 758
75 74
389 327
215 450
83 227
703 121
341 815
343 205
137 731
704 515
254 605
485 734
642 381
259 662
374 85
511 326
88 403
69 181
215 110
833 338
10 400
787 105
841 431
641 239
1 5
259 113
121 427
22 16
588 614
441 417
842 731
455 563
127 114
263 61
345 685
238 64
41 57
372 422
189 65
67 329
556 86
75 101
489 84
364 289
492 296
730 201
472 706
661 838
353 121
147 78
294 707
92 154
435 230
660 543
7 34
87 195
209 43
583 603
289 612
132 762
763 570
144 114
35 2
628 515
315 391
133 631
63 688
371 545
405 345
173 789
64 37
107 690
76 89
553 442
360 296
7 16
103 212
821 424
506 591
27 483
96 611
31 47
43 63
347 271
696 826
244 73
210 341
296 134
832 280
140 715
733 319
43 805
338 241
354 458
248 779
295 78
198 336
8 171
87 97
358 5
96 90
174 57
712 430
133 691
529 108
67 78
730 804
41 26
289 115
561 361
18 314
95 110
52 141
660 724
65 122
3 524
720 232
259 618
445 276
426 180
155 416
83 136
5 121
2 3
587 503
36 108
580 232
113 62
95 173
669 714
593 144
88 4
237 320
375 124
503 654
107 530
482 110
242 120
682 209
37 16
67 14
12 325
330 623
754 485
109 218
94 514
376 457
576 326
527 843
772 569
638 486
224 369
140 94
237 254
402 278
430 310
348 231
517 136
81 56
15 53
568 809
428 391
40 443
4 28
24 818
518 574
111 100
652 145
103 188
85 79
675 452
9 573
11 109
603 643
710 622
303 156
744 57
120 54
524 785
231 793
761 127
387 207
226 135
579 784
722 211
213 507
595 786
564 242
233 539
177 147
71 9
407 338
269 214
178 385
8 44
540 306
105 6
616 562
141 222
80 694
72 322
510 25
831 141
55 58
162 169
271 194
834 706
18 36
607 25
9 62
626 54
415 46
294 72
380 699
192 225
582 332
349 565
114 532
72 151
77 106
290 28
138 280
726 315
39 73
494 430
145 38
114 495
274 807
837 396
70 76
82 41
19 55
6 406
196 393
410 158
493 483
698 125
37 100
213 117
635 519
204 284
449 479
59 42
332 150
438 285
597 525
184 568
449 462
709 374
101 732
76 619
747 257
142 350
560 255
819 100
391 683
86 22
791 184
411 748
21 433
383 180
465 106
548 790
134 440
47 795
777 460
278 234
536 189
463 32
58 581
308 273
15 54
258 39
57 217
156 705
201 257
6 2
756 237
686 347
238 305
19 38
77 22
5 13
69 33
363 547
261 137
334 769
677 652
342 166
765 513
328 667
66 44
54 72
103 279
59 95
253 413
488 609
270 241
412 71
39 7
636 388
180 7
394 339
24 239
1 567
399 60
133 751
155 165
629 218
504 420
157 33
491 128
552 502
82 287
282 194
415 525
775 227
327 516
39 592
211 26
760 46
340 418
478 359
126 131
578 266
99 84
587 782
345 228
562 281
613 603
104 531
167 114
52 8
173 234
19 231
627 42
48 185
186 66
242 444
797 112
759 569
163 164
130 470
571 379
570 382
9 2
304 134
170 780
193 123
466 634
684 474
436 109
780 783
302 579
739 581
475 139
137 138
177 221
129 60
480 377
817 520
259 847
224 27
288 208
258 665
595 149
693 629
372 355
64 408
357 39
299 382
114 23
813 490
655 450
59 68
88 359
224 245
713 178
29 313
835 107
268 86
185 721
614 632
84 30
370 326
32 3
18 74
500 370
194 535
526 128
474 497
293 663
201 73
102 46
112 101
293 239
812 450
523 11
504 674
124 122
247 306
365 534
268 653
272 127
275 277
19 25
622 305
143 160
719 148
124 639
182 621
24 566
18 7
774 49
590 154
625 418
633 428
668 421
90 326
650 569
746 276
61 70
419 263
16 21
312 8
286 153
147 425
29 13
223 216
174 237
24 90
427 508
184 100
39 414
704 846
740 733
332 365
469 501
256 93
60 15
522 465
550 297
59 379
59 192
452 22
27 191
781 471
708 608
147 161
160 409
33 29
551 28
167 202
152 3
30 490
316 154
166 346
300 388
104 276
4 23
764 585
5 19
24 20
253 363
188 264
488 589
498 209
93 10
61 35
544 394
651 828
211 273
569 421
591 743
2 1
617 294
473 394
577 510
46 292
99 159
178 216
527 380
464 169
725 377
317 310
299 152
656 447
60 198
14 373
31 845
213 228
198 395
484 452
33 204
249 198
337 681
130 46
606 371
139 7
10 518
3 200
508 676
2 4
154 381
468 230
56 10
456 360
352 116
46 337
448 455
498 542
313 356
87 323
79 50
830 739
143 80
378 112
598 10
287 334
230 101
117 183
318 434
29 824
94 2
469 711
253 371
133 229
182 187
557 284
22 27
134 541
14 1
39 170
424 137
707 799
404 66
420 85
442 371
645 241
116 86
651 822
100 132
178 83
729 38
673 407
63 107
336 386
610 271
78 80
182 67
31 14
583 279
241 57
362 91
146 99
339 794
17 827
51 39
502 106
152 459
154 447
304 469
380 5
521 54
790 820
572 512
161 661
20 15
6 298
356 487
449 261
297 253
48 123
158 90
816 582
19 98
39 49
411 262
396 666
331 282
351 243
608 570
810 685
512 727
206 195
460 359
227 575
328 266
219 58
397 332
301 167
31 318
433 718
657 217
196 97
716 752
266 1
649 254
39 150
354 168
307 52
446 158
10 17
248 167
689 70
602 27
814 551
604 24
811 614
311 254
250 86
86 148
114 471
9 87
190 5
168 97
103 125
620 145
596 294
602 796
513 104
8 6
543 95
30 687
310 355
126 68
29 83
135 45
42 117
330 451
75 104
226 302
61 309
496 17
220 89
140 401
586 7
50 47
507 558
461 256
97 246
43 24
354 803
537 87
83 745
522 825
738 165
110 176
128 199
162 145
121 275
214 161
146 207
282 836
697 168
9 15
230 520
35 137
242 647
43 637
47 115
658 351
189 340
495 742
46 34
179 143
430 664
700 106
519 241
437 4
528 588
58 330
80 197
300 252
669 621
76 486
435 506
184 476
466 601
507 737
335 9
672 420
310 528
201 253
87 757
17 42
432 423
103 281
176 252
229 315
466 373
423 78
452 477
454 273
219 505
81 155
753 69
358 367
384 204
385 615
210 16
236 142
56 103
599 574
12 10
308 717
184 630
95 429
1 30
142 47
179 755
75 431
559 3
600 376
728 16
333 115
549 692
156 111
546 371
702 482
678 462
337 735
45 119
172 93
15 679
141 453
840 764
232 243
503 415
823 815
839 399
134 585
70 283
844 434
554 95
806 362
680 560
242 640
59 349
27 327
101 267
91 10
509 37
114 472
205 111
624 264
776 129
759 773
741 500
48 368
662 695
166 36
339 17
6 10
533 76
